4.597483256336072355e-01 2.831278546945962038e+00 1.895880925721169774e+01
1.356350704599195989e-01 4.212226264197783010e+00 3.927837363342342059e+01
7.584971251746386312e-01 5.360494433559999550e+00 3.088163212919379319e+01
5.583681459288685617e-02 5.183316568523139267e+00 4.768892121022961561e+01
4.989836835539879778e-01 8.162132343911322252e+00 5.675943784375071743e+01
9.917177551892766285e-01 4.296944815030567355e+00 2.164793665283459490e+01
2.569130726635775533e-02 7.403264529942642724e+00 7.099031367575689444e+01
8.801748683716111854e-01 1.163429173479535450e+01 6.382990806105765103e+01
6.359500747724262659e-01 5.509198074336090656e+00 3.990916782294071652e+01
5.980559150961287651e-01 6.106890107930789569e+00 3.713042518145852711e+01
7.924820492741936617e-02 1.143405279086122128e+01 1.042943607252905736e+02
7.923182318008707703e-02 4.497044985910326531e+00 4.090936189498818010e+01
6.220155715793154183e-01 8.986111545662782696e-01 5.106990938704355720e+00
1.354954303281527550e-01 7.544604288609694009e+00 6.293821680182909262e+01
6.705178870010649606e-01 7.507954511673871956e+00 4.628182179501983740e+01
6.126211395487534128e-01 4.487047463744687548e+00 3.302368430952326150e+01
1.647206118164539768e-01 2.792941111672299304e+00 2.232122199862482859e+01
7.210175258155291367e-01 1.132880903844393661e+00 6.489164084278350231e+00
3.715086276249283115e-01 5.499014162495660329e+00 3.748292690063450294e+01
9.949250831641447412e-01 9.915883118528533657e+00 4.976336300541273516e+01
1.341892283863029001e-01 3.350240110308262853e+00 2.576247354167411174e+01
8.848788342684418273e-01 1.016970658046383846e+01 5.278234557485771461e+01
7.146622397300189666e-01 2.152610631539760622e+00 1.336735699730763116e+01
2.818034450081965403e-01 5.372331233689148888e+00 3.988486596155312469e+01
7.893455980134133076e-01 4.034280096048819431e+00 2.258867177454311559e+01
